'22433':
  dir_cut_off: 0.0004729847132693976
  dual_bound: 0.0005127829572219147
  efficacy: 0.4910074770450592
  gap: 0.1487982086975676
  improvement: 0.14836215764051766
  int_support: 0.41792193055152893
  num_cuts: -0.014112903225521917
  num_lp_iterations: 0.010515402843586322
  num_nodes: 0.0
  obj_parallelism: 0.09059762209653854
  parameters:
  - - 0.0004729847132693976
    - 0.4910074770450592
    - 0.41792193055152893
    - 0.09059762209653854
  score: 0.14836215764051766
  solution_fractionality: 0.016129031956295458
50v-10:
  dir_cut_off: 0.01868470571935177
  dual_bound: -0.0023545569998285622
  efficacy: 0.614730179309845
  gap: -0.06169268860710982
  improvement: -0.05919288812369856
  int_support: 0.31007230281829834
  num_cuts: 0.0
  num_lp_iterations: 0.04820819112617703
  num_nodes: 0.0
  obj_parallelism: 0.056512732058763504
  parameters:
  - - 0.01868470571935177
    - 0.614730179309845
    - 0.31007230281829834
    - 0.056512732058763504
  score: -0.05919288812369856
  solution_fractionality: -0.1860464878745299
